N <- 397
salaries <- 
c(139750, 173200, 79750, 115000, 141500, 97000, 175000, 147765, 119250, 129000, 119800, 79800, 77700, 78000,
104800, 117150, 101000, 103450, 124750, 137000, 89565, 102580, 93904, 113068, 74830, 106294, 134885, 82379, 77000, 118223,
132261, 79916, 117256, 80225, 80225, 77000, 155750, 86373, 125196, 100938, 146500, 93418, 101299, 231545, 94384, 114778,
98193, 151768, 140096, 70768, 126621, 108875, 74692, 106639, 103760, 83900, 117704, 90215, 100135, 75044, 90304, 75243,
109785, 103613, 68404, 100522, 101000, 99418, 111512, 91412, 126320, 146856, 100131, 92391, 113398, 73266, 150480, 193000,
86100, 84240, 150743, 135585, 144640, 88825, 122960, 132825, 152708, 88400, 172272, 107008, 97032, 105128, 105631, 166024,
123683, 84000, 95611, 129676, 102235, 106689, 133217, 126933, 153303, 127512, 83850, 113543, 82099, 82600, 81500, 131205,
112429, 82100, 72500, 104279, 105000, 120806, 148500, 117515, 72500, 73500, 115313, 124309, 97262, 62884, 96614, 78162,
155500, 72500, 113278, 73000, 83001, 76840, 77500, 72500, 168635, 136000, 108262, 105668, 73877, 152664, 100102, 81500,
106608, 89942, 112696, 119015, 92000, 156938, 144651, 95079, 128148, 92000, 111168, 103994, 92000, 118971, 113341, 88000,
95408, 137167, 89516, 176500, 98510, 89942, 88795, 105890, 167284, 130664, 101210, 181257, 91227, 151575, 93164, 134185,
105000, 111751, 95436, 100944, 147349, 92000, 142467, 141136, 100000, 150000, 101000, 134000, 103750, 107500, 106300,
153750, 180000, 133700, 122100, 86250, 90000, 113600, 92700, 92000, 189409, 114500, 92700, 119700, 160400, 152500, 165000,
96545, 162200, 120000, 91300, 163200, 91000, 111350, 128400, 126200, 118700, 145350, 146000, 105350, 109650, 119500,
170000, 145200, 107150, 129600, 87800, 122400, 63900, 70000, 88175, 133900, 91000, 73300, 148750, 117555, 69700, 81700,
114000, 63100, 77202, 96200, 69200, 122875, 102600, 108200, 84273, 90450, 91100, 101100, 128800, 204000, 109000, 102000,
132000, 77500, 116450, 83000, 140300, 74000, 73800, 92550, 88600, 107550, 121200, 126000, 99000, 134800, 143940, 104350,
89650, 103700, 143250, 194800, 73000, 74000, 78500, 93000, 107200, 163200, 107100, 100600, 136500, 103600, 57800, 155865,
88650, 81800, 115800, 85000, 150500, 74000, 174500, 168500, 183800, 104800, 107300, 97150, 126300, 148800, 72300, 70700,
88600, 127100, 170500, 105260, 144050, 111350, 74500, 122500, 74000, 166800, 92050, 108100, 94350, 100351, 146800, 84716,
71065, 67559, 134550, 135027, 104428, 95642, 126431, 161101, 162221, 84500, 124714, 151650, 99247, 134778, 192253, 116518,
105450, 145098, 104542, 151445, 98053, 145000, 128464, 137317, 106231, 124312, 114596, 162150, 150376, 107986, 142023,
128250, 80139, 144309, 186960, 93519, 142500, 138000, 83600, 145028, 88709, 107309, 109954, 78785, 121946, 109646, 138771,
81285, 205500, 101036, 115435, 108413, 131950, 134690, 78182, 110515, 109707, 136660, 103275, 103649, 74856, 77081,
150680, 104121, 75996, 172505, 86895, 105000, 125192, 114330, 139219, 109305, 119450, 186023, 166605, 151292, 103106,
150564, 101738, 95329, 81035)
rank_one <- 
c(0, 0, 1, 0, 0, 0, 0, 0, 0, 0, 0, 1, 1, 1, 0, 0, 0, 0, 0, 0, 0, 0, 0, 0, 0, 0, 0, 1, 1, 0, 0, 1, 0, 1, 1, 1,
0, 1, 0, 0, 0, 0, 0, 0, 0, 0, 0, 0, 0, 1, 0, 0, 1, 0, 0, 0, 0, 0, 0, 1, 0, 1, 0, 0, 1, 0, 0, 0, 0, 0, 0, 0, 0, 0, 0, 1, 0,
0, 1, 1, 0, 0, 0, 1, 0, 0, 0, 1, 0, 0, 1, 0, 0, 0, 0, 1, 0, 0, 0, 0, 0, 0, 0, 0, 0, 0, 0, 0, 0, 0, 0, 0, 1, 0, 0, 0, 0, 0,
1, 1, 0, 0, 0, 0, 0, 0, 0, 1, 0, 1, 0, 0, 0, 1, 0, 0, 0, 0, 0, 0, 0, 0, 0, 1, 0, 0, 1, 0, 0, 1, 0, 1, 0, 0, 1, 0, 0, 1, 0,
0, 1, 0, 0, 1, 1, 0, 0, 0, 0, 0, 1, 0, 0, 0, 0, 0, 0, 0, 0, 1, 0, 0, 0, 0, 0, 0, 0, 0, 0, 0, 0, 0, 0, 0, 0, 0, 1, 1, 0, 0,
1, 0, 0, 0, 0, 0, 0, 0, 1, 0, 1, 0, 0, 0, 0, 0, 0, 0, 0, 0, 0, 0, 0, 0, 0, 0, 1, 0, 0, 0, 0, 0, 0, 0, 1, 0, 0, 1, 0, 0, 1,
0, 0, 0, 0, 0, 0, 0, 0, 0, 0, 0, 0, 1, 0, 0, 0, 0, 1, 0, 0, 0, 0, 0, 0, 0, 0, 0, 0, 0, 0, 0, 1, 1, 1, 0, 0, 0, 0, 0, 0, 0,
0, 0, 0, 0, 0, 1, 0, 1, 0, 0, 0, 0, 0, 0, 0, 0, 0, 0, 0, 0, 0, 0, 0, 0, 1, 0, 1, 0, 0, 0, 0, 0, 0, 1, 0, 0, 0, 0, 0, 0, 0,
0, 0, 1, 0, 0, 0, 0, 0, 0, 0, 0, 0, 0, 0, 0, 0, 0, 0, 0, 0, 0, 0, 0, 0, 0, 1, 0, 0, 0, 0, 0, 1, 0, 0, 0, 0, 1, 0, 0, 0, 0,
0, 0, 0, 0, 0, 0, 0, 0, 0, 0, 0, 0, 1, 1, 0, 0, 1, 0, 0, 0, 0, 0, 0, 0, 0, 0, 0, 0, 0, 0, 0, 0, 1)
rank_two <- 
c(0, 0, 0, 0, 0, 1, 0, 0, 0, 0, 1, 0, 0, 0, 0, 0, 0, 0, 0, 0, 0, 0, 0, 0, 1, 0, 0, 0, 0, 0, 0, 0, 0, 0, 0, 0,
0, 0, 0, 1, 0, 1, 0, 0, 0, 0, 0, 0, 0, 0, 0, 0, 0, 0, 1, 1, 0, 1, 1, 0, 1, 0, 0, 1, 0, 1, 0, 0, 0, 0, 0, 0, 0, 0, 0, 0, 0,
0, 0, 0, 0, 0, 0, 0, 0, 0, 0, 0, 0, 1, 0, 1, 1, 0, 0, 0, 1, 0, 0, 0, 0, 0, 0, 0, 1, 0, 1, 1, 1, 0, 0, 1, 0, 0, 0, 0, 0, 0,
0, 0, 0, 0, 0, 1, 0, 0, 0, 0, 0, 0, 1, 0, 1, 0, 0, 0, 0, 0, 1, 0, 1, 1, 0, 0, 0, 0, 0, 0, 0, 0, 0, 0, 0, 1, 0, 0, 1, 0, 1,
0, 0, 0, 1, 0, 0, 0, 0, 0, 1, 0, 0, 0, 0, 0, 1, 0, 1, 1, 0, 0, 0, 0, 1, 0, 0, 0, 1, 0, 1, 0, 0, 0, 0, 1, 1, 1, 0, 0, 0, 0,
0, 0, 0, 0, 0, 0, 0, 0, 0, 0, 0, 0, 0, 0, 1, 0, 0, 1, 1, 0, 0, 0, 1, 0, 0, 0, 0, 1, 0, 0, 0, 1, 0, 0, 0, 0, 0, 0, 0, 0, 0,
0, 0, 0, 0, 0, 0, 0, 0, 0, 0, 0, 0, 0, 0, 1, 0, 1, 0, 0, 1, 0, 0, 0, 0, 0, 0, 0, 0, 0, 0, 0, 0, 0, 0, 0, 0, 0, 0, 0, 0, 0,
0, 0, 1, 1, 0, 0, 0, 0, 0, 0, 0, 1, 0, 0, 0, 0, 0, 1, 0, 0, 0, 0, 0, 0, 0, 0, 0, 0, 0, 0, 0, 0, 0, 0, 1, 0, 0, 0, 0, 1, 1,
0, 0, 0, 0, 0, 1, 0, 0, 0, 0, 0, 1, 0, 0, 0, 0, 0, 0, 0, 0, 0, 0, 0, 0, 0, 0, 0, 0, 0, 0, 0, 0, 0, 0, 0, 0, 0, 0, 0, 0, 1,
0, 0, 0, 1, 0, 0, 1, 0, 0, 0, 0, 0, 0, 0, 0, 1, 0, 0, 1, 0, 0, 0, 0, 0, 0, 0, 0, 0, 0, 0, 0, 0, 0)
discipline <- 
c(2, 2, 2, 2, 2, 2, 2, 2, 2, 2, 2, 2, 2, 2, 2, 2, 2, 1, 1, 1, 1, 1, 1, 1, 1, 1, 1, 2, 2, 2, 2, 2, 2, 2, 2,
2, 2, 2, 2, 2, 2, 2, 2, 2, 2, 2, 2, 2, 2, 2, 2, 2, 2, 2, 2, 2, 2, 2, 2, 2, 2, 2, 2, 2, 2, 2, 2, 2, 2, 2, 2, 2, 2, 2, 2, 2,
2, 2, 2, 2, 2, 2, 2, 2, 2, 2, 2, 2, 2, 2, 2, 2, 2, 2, 2, 2, 2, 2, 2, 2, 2, 2, 2, 2, 1, 1, 1, 1, 1, 1, 1, 1, 1, 1, 1, 1, 1,
1, 1, 1, 1, 1, 1, 1, 1, 1, 1, 1, 1, 1, 1, 1, 1, 1, 1, 1, 1, 1, 1, 1, 1, 1, 1, 2, 2, 2, 2, 2, 2, 2, 2, 2, 2, 2, 2, 2, 2, 2,
2, 2, 2, 2, 2, 2, 2, 2, 2, 2, 2, 2, 2, 2, 2, 2, 2, 2, 2, 2, 2, 2, 2, 2, 2, 2, 2, 2, 2, 2, 2, 2, 2, 2, 2, 2, 2, 2, 2, 2, 2,
2, 2, 2, 2, 2, 2, 2, 2, 2, 2, 2, 2, 2, 2, 2, 2, 2, 2, 2, 2, 2, 2, 2, 2, 2, 1, 1, 1, 1, 1, 1, 1, 1, 1, 1, 1, 1, 1, 1, 1, 1,
1, 1, 1, 1, 1, 1, 1, 1, 1, 1, 1, 1, 1, 1, 1, 1, 1, 1, 1, 1, 1, 1, 1, 1, 1, 1, 1, 1, 1, 1, 1, 1, 1, 1, 1, 1, 1, 1, 1, 1, 1,
1, 1, 1, 1, 1, 1, 1, 1, 1, 1, 1, 1, 1, 1, 1, 1, 1, 1, 1, 1, 1, 1, 1, 1, 1, 1, 1, 1, 1, 1, 1, 1, 1, 1, 2, 2, 2, 2, 2, 2, 2,
2, 2, 2, 2, 2, 2, 2, 2, 2, 2, 2, 2, 2, 2, 2, 2, 2, 2, 2, 2, 2, 2, 2, 2, 2, 2, 2, 2, 2, 2, 2, 2, 2, 2, 1, 1, 1, 1, 1, 1, 1,
1, 1, 1, 1, 1, 1, 1, 1, 1, 1, 1, 1, 1, 1, 1, 1, 1, 1, 1, 1, 1, 1, 1, 1, 1, 1, 1, 1, 1, 1, 1, 1, 1, 1)
